url_path,views_total,views_unique
/cicsdev/cics-java-liberty-springboot-transactions/tree/main/src/main/java/com/ibm/cicsdev/springboot/transactions,12,2
/cicsdev/cics-java-liberty-springboot-transactions/tree/main/src/main,6,2
/cicsdev/cics-java-liberty-springboot-transactions,4,3
/cicsdev/cics-java-liberty-springboot-transactions/blob/main/gradlew,3,1
/cicsdev/cics-java-liberty-springboot-transactions/blob/main/README.md,2,1
/cicsdev/cics-java-liberty-springboot-transactions/blob/main/src/main/java/com/ibm/cicsdev/springboot/transactions/Application.java,2,1
/cicsdev/cics-java-liberty-springboot-transactions/blob/main/src/main/java/com/ibm/cicsdev/springboot/transactions/JEEUserTransaction.java,2,1
/cicsdev/cics-java-liberty-springboot-transactions/blob/main/src/main/java/com/ibm/cicsdev/springboot/transactions/SpringTransactional.java,2,1
/cicsdev/cics-java-liberty-springboot-transactions/blob/main/src/main/java/com/ibm/cicsdev/springboot/transactions/SpringTransactionTemplate.java,2,1
/cicsdev/cics-java-liberty-springboot-transactions/blob/main/src/main/java/com/ibm/cicsdev/springboot/transactions/TransactionController.java,2,1
